
					PC	ENIF	|	ENDEC	JI	BR2	BR1	RD1	RD2	WR	|	ENEX	US	MX1	MX2	UN3	UN2	UN1	OP4	OP3	OP2	OP1	|	ENMEM	RW	DT2	DT1	|	ALU_SEL
RTYPE_SLL			"0	1 			1		0	0	0	1	1	1 		1		1	1	1	0	1	1	0	0	0	0 		0		0 	0	0		1"
RTYPE_SRL			"0	1 			1		0	0	0	1	1	1 		1		1	1	1	0	1	1	0	0	0	1 		0		0 	0	0		1"
RTYPE_SRA			"0	1 			1		0	0	0	1	1	1 		1		0	1	1	0	1	1	0	0	0	1 		0		0 	0	0		1"
RTYPE_ADD			"0	1 			1		0	0	0	1	1	1 		1		0	1	1	0	0	0	0	0	0	0 		0		0 	0	0		1"
RTYPE_ADDU			"0	1 			1		0	0	0	1	1	1 		1		1	1	1	0	0	0	0	0	0	0 		0		0 	0	0		1"
RTYPE_SUB			"0	1 			1		0	0	0	1	1	1 		1		0	1	1	0	0	0	0	0	0	1 		0		0 	0	0		1"
RTYPE_SUBU			"0	1 			1		0	0	0	1	1	1 		1		1	1	1	0	0	0	0	0	0	1 		0		0 	0	0		1"
RTYPE_AND			"0	1 			1		0	0	0	1	1	1 		1		0	1	1	1	0	0	1	0	0	0 		0		0 	0	0		1"
RTYPE_OR			"0	1 			1		0	0	0	1	1	1 		1		0	1	1	1	0	0	1	1	1	0 		0		0 	0	0		1"
RTYPE_XOR			"0	1 			1		0	0	0	1	1	1		1		0	1	1	1	0	0	0	1	1	0 		0		0 	0	0		1"
RTYPE_SEQ			"0	1 			1		0	0	0	1	1	1 		1		0	1	1	0	0	1	0	0	0	0 		0		0 	0	0		1"
RTYPE_SNE			"0	1 			1		0	0	0	1	1	1 		1		0	1	1	0	0	1	0	0	0	1 		0		0 	0	0		1"
RTYPE_SLT			"0	1 			1		0	0	0	1	1	1 		1		0	1	1	0	0	1	0	1	0	1 		0		0 	0	0		1"
RTYPE_SGT			"0	1 			1		0	0	0	1	1	1 		1		0	1	1	0	0	1	0	1	1	1 		0		0 	0	0		1"
RTYPE_SLE			"0	1 			1		0	0	0	1	1	1 		1		0	1	1	0	0	1	0	1	0	0 		0		0 	0	0		1"
RTYPE_SGE			"0	1 			1		0	0	0	1	1	1 		1		0	1	1	0	0	1	0	1	1	0 		0		0 	0	0		1"
RTYPE_SLTU			"0	1 			1		0	0	0	1	1	1 		1		1	1	1	0	0	1	0	1	0	1 		0		0 	0	0		1"
RTYPE_SGTU			"0	1 			1		0	0	0	1	1	1 		1		1	1	1	0	0	1	0	1	1	1 		0		0 	0	0		1"
RTYPE_SLEU			"0	1 			1		0	0	0	1	1	1 		1		1	1	1	0	0	1	0	1	0	0 		0		0 	0	0		1"
RTYPE_SGEU			"0	1 			1		0	0	0	1	1	1 		1		1	1	1	0	0	1	0	1	1	0 		0		0 	0	0		1"
ITYPE_J				"1	1 			1		1	0	0	0	0	0 		1		0	0	0	0	0	0	0	0	0	0 		0		0 	0	0		0" 
ITYPE_JAL			"1	1 			1		1	0	0	0	0	1 		1		0	0	0	1	0	1	0	0	0	0 		0		0 	0	0		1"
ITYPE_JR 			"1	1 			1		1	0	0	1	0	0 		1		0	0	0	0	0	0	0	0	0	0 		0		0 	0	0		0" 
ITYPE_JALR 			"1	1 			1		1	0	0	1	0	1 		1		0	0	0	1	0	1	0	0	0	0 		0		0 	0	0		1" 
ITYPE_BEQZ			"1	1 			1		0	1	0	0	0	0 		1		0	0	0	0	0	0	0	0	0	0 		0		0 	0	0		0" 
ITYPE_BNEZ			"1	1 			1		0	1	1	0	0	0 		1		0	0	0	0	0	0	0	0	0	0 		0		0 	0	0		0" 
ITYPE_ADDI			"0	1 			1		0	0	0	1	0	1 		1		0	1	0	0	0	0	0	0	0	0 		0		0 	0	0		1"
ITYPE_ADDUI			"0	1 			1		0	0	0	1	0	1 		1		1	1	0	0	0	0	0	0	0	0 		0		0 	0	0		1"
ITYPE_SUBI			"0	1 			1		0	0	0	1	0	1 		1		0	1	0	0	0	0	0	0	0	1 		0		0 	0	0		1"
ITYPE_SUBUI			"0	1 			1		0	0	0	1	0	1 		1		1	1	0	0	0	0	0	0	0	1 		0		0 	0	0		1"
ITYPE_ANDI			"0	1 			1		0	0	0	1	0	1 		1		0	1	0	1	0	0	1	0	0	0 		0		0 	0	0		1"
ITYPE_ORI			"0	1 			1		0	0	0	1	0	1 		1		0	1	0	1	0	0	1	1	1	0 		0		0 	0	0		1"
ITYPE_XORI			"0	1 			1		0	0	0	1	0	1		1		0	1	0	1	0	0	0	1	1	0 		0		0 	0	0		1"
ITYPE_SLLI			"0	1 			1		0	0	0	1	0	1 		1		1	1	0	0	1	1	0	0	0	0 		0		0 	0	0		1"
ITYPE_SRLI			"0	1 			1		0	0	0	1	0	1 		1		1	1	0	0	1	1	0	0	0	1 		0		0 	0	0		1"
ITYPE_SRAI			"0	1 			1		0	0	0	1	0	1 		1		0	1	0	0	1	1	0	0	0	1 		0		0 	0	0		1"
ITYPE_NOP			"0	0 			0		0	0	0	0	0	0 		0		0	0	0	0	0	0	0	0	0	0 		0		0 	0	0		0"
ITYPE_SEQ			"0	1 			1		0	0	0	1	0	1 		1		0	1	0	0	0	1	0	0	0	0 		0		0 	0	0		1"
ITYPE_SNE			"0	1 			1		0	0	0	1	0	1 		1		0	1	0	0	0	1	0	0	0	1 		0		0 	0	0		1"
ITYPE_SLT			"0	1 			1		0	0	0	1	0	1 		1		0	1	0	0	0	1	0	1	0	1 		0		0 	0	0		1"
ITYPE_SGT			"0	1 			1		0	0	0	1	0	1 		1		0	1	0	0	0	1	0	1	1	1 		0		0 	0	0		1"
ITYPE_SLE			"0	1 			1		0	0	0	1	0	1 		1		0	1	0	0	0	1	0	1	0	0 		0		0 	0	0		1"
ITYPE_SGE			"0	1 			1		0	0	0	1	0	1 		1		0	1	0	0	0	1	0	1	1	0 		0		0 	0	0		1"
ITYPE_SB			"0	1 			1		0	0	0	1	1	0 		1		0	1	0	0	0	0	0	0	0	0 		1		0 	0	1		0" 
ITYPE_SH			"0	1 			1		0	0	0	1	1	0 		1		0	1	0	0	0	0	0	0	0	0 		1		0 	1	0		0" 
ITYPE_SW			"0	1 			1		0	0	0	1	1	0 		1		0	1	0	0	0	0	0	0	0	0 		1		0 	1	1		0" 
ITYPE_LB			"0	1 			1		0	0	0	1	0	1 		1		0	1	0	0	0	0	0	0	0	0 		1		1 	0	1		0" 
ITYPE_LH			"0	1 			1		0	0	0	1	0	1 		1		0	1	0	0	0	0	0	0	0	0 		1		1 	1	0		0" 
ITYPE_LW			"0	1 			1		0	0	0	1	0	1 		1		0	1	0	0	0	0	0	0	0	0 		1		1 	1	1		0" 
ITYPE_LBU			"0	1 			1		0	0	0	1	0	1 		1		1	1	0	0	0	0	0	0	0	0 		1		1 	0	1		0" 
ITYPE_LHU			"0	1 			1		0	0	0	1	0	1 		1		1	1	0	0	0	0	0	0	0	0 		1		1 	1	0		0" 
ITYPE_SLTU			"0	1 			1		0	0	0	1	0	1 		1		1	1	0	0	0	1	0	1	0	1 		0		0 	0	0		1"
ITYPE_SGTU			"0	1 			1		0	0	0	1	0	1 		1		1	1	0	0	0	1	0	1	1	1 		0		0 	0	0		1"
ITYPE_SLEU			"0	1 			1		0	0	0	1	0	1 		1		1	1	0	0	0	1	0	1	0	0 		0		0 	0	0		1"
ITYPE_SGEU			"0	1 			1		0	0	0	1	0	1 		1		1	1	0	0	0	1	0	1	1	0 		0		0 	0	0		1"


ENIF | ENDEC JMP RI BR2 BR1 RD1 RD2 US | ENEX MX1 MX2 UN3 UN2 UN1 OP4 OP3 OP2 OP1 PC | ENMEM RW DT2 DT1 |  WR ALU_SEL
RTYPE_SLL 	"1 10000111 11101100000 1000 11"		
RTYPE_SRL 	"1 10000111 11101100010 1000 11"
RTYPE_SRA 	"1 10000110 11101100010 1000 11"
RTYPE_ADD 	"1 10000110 11100000000 1000 11"
RTYPE_ADDU	"1 10000111 11100000000 1000 11"
RTYPE_SUB 	"1 10000110 11100000010 1000 11"
RTYPE_SUBU	"1 10000111 11100000010 1000 11"
RTYPE_AND 	"1 10000110 11110010000 1000 11"
RTYPE_OR 	"1 10000110 11110011100 1000 11"
RTYPE_XOR	"1 10000110 11110001100 1000 11"
RTYPE_SEQ	"1 10000110 11100100010 1000 11"
RTYPE_SNE	"1 10000110 11100100110 1000 11"
RTYPE_SLT	"1 10000110 11100110110 1000 11"
RTYPE_SGT	"1 10000110 11100111110 1000 11"
RTYPE_SLE	"1 10000110 11100110010 1000 11"
RTYPE_SGE	"1 10000110 11100111010 1000 11"
RTYPE_SLTU	"1 10000111 11100110110 1000 11"
RTYPE_SGTU	"1 10000111 11100111110 1000 11"
RTYPE_SLEU	"1 10000111 11100110010 1000 11"
RTYPE_SGEU	"1 10000111 11100111010 1000 11"
ITYPE_J 	"1 11000000 10000000001 0000 00"
ITYPE_JAL 	"1 11000000 10010100001 1000 11"
ITYPE_JR 	"1 11000100 11100000001 0000 00"

ITYPE_JALR	"1 11000100 11110100001 1000 11"

ITYPE_BEQZ	"1 10100000 10000000001 0000 00"
ITYPE_BNEZ	"1 10110000 10000000001 0000 00"

ITYPE_ADDI	"1 10100100 11000000000 1000 11"
ITYPE_ADDUI	"1 10100101 11000000000 1000 11"
ITYPE_SUBI 	"1 10100100 11000000010 1000 11"
ITYPE_SUBUI	"1 10100101 11000000010 1000 11"
ITYPE_ANDI	"1 10100100 11010010000 1000 11"
ITYPE_ORI 	"1 10100100 11010011100 1000 11"
ITYPE_XORI	"1 10100100 11010001100 1000 11"
ITYPE_SLLI	"1 10100101 11001100000 1000 11"
ITYPE_SRLI	"1 10100101 11001100010 1000 11"
ITYPE_SRAI	"1 10100100 11001100010 1000 11"
ITYPE_NOP	"0 00000000 00000000000 0000 00"
ITYPE_SEQI	"1 10100100 11000100010 1000 11"
ITYPE_SNEI	"1 10100100 11000100110 1000 11"
ITYPE_SLTI	"1 10100100 11000110110 1000 11"
ITYPE_SGTI	"1 10100100 11000111110 1000 11"
ITYPE_SLEI	"1 10100100 11000110010 1000 11"
ITYPE_SGEI	"1 10100100 11000111010 1000 11"
ITYPE_SB	"1 10100110 11000000000 1101 00"
ITYPE_SH	"1 10100110 11000000000 1110 00"
ITYPE_SW	"1 10100110 11000000000 1111 00"
ITYPE_LB	"1 10100100 11000000000 1001 10"
ITYPE_LH	"1 10100100 11000000000 1010 10"
ITYPE_LW	"1 10100100 11000000000 1011 10"
ITYPE_LBU	"1 10100101 11000000000 1001 10"
ITYPE_LHU	"1 10100101 11000000000 1010 10"
ITYPE_SLTUI	"1 10100101 11000110110 1000 11"
ITYPE_SGTUI	"1 10100101 11000111110 1000 11"
ITYPE_SLEUI	"1 10100101 11000110010 1000 11"
ITYPE_SGEUI	"1 10100101 11000111010 1000 11"